HABOWEBUID=c09e87527491fd8087be19404b1b808b
 HABOWEBSESSIONID=67662cb40011527cbe8dc52de37d91fa
 big_ad_show=2011_14_3
 isvip=1
 usrname=jfenjj
 upgrade=
 order=3882691
 jumpkey=09901F2F5AD88F48D8DCA46362B16F037F79E29B6991430695C5F4BA3CAC041510ABF5021A589BD75ABF6941EE821ADAF561143F292B0F7AC48CC42E695F855DD8CAED04D104DF7194628E9E3CE46A138FA7ABDE6527D9C2AA7F6D527642BD25
 sessionid=A5A714363335739C6B662933F8C6CFBED97833B3AFFC8780C411C9EA9ADB00CA21A2FA99B0FC367FF1F0FE1A3B3E31951A3EA1CC50A4B49DF192EED15847A5B7
 score=24468
 usernick=%e6%88%91%e8%a6%81%e7%9a%84%e5%b0%b1%e6%98%af%e5%bf%ab
 logintype=0
 state=0
 usertype=0
 usernewno=0
 userid=685018
 deviceid=wdi10.8163209cc5f9f870dfdd5ffe9966ae7c03d91d72731b89440e627c549bc70a4e
 _x_a_=A5A714363335739C6B662933F8C6CFBED97833B3AFFC8780C411C9EA9ADB00CA21A2FA99B0FC367FF1F0FE1A3B3E31951A3EA1CC50A4B49DF192EED15847A5B7
 _x_t_=1_1
 vipcookie=pay_optype%3D1%26pay_vastype%3D5%26pay_tips%3D%25E5%258D%2587%25E7%25BA%25A7%25E5%25B9%25B4%25E8%25B4%25B9%25E8%25B6%2585%25E7%25BA%25A7%25E4%25BC%259A%25E5%2591%2598%26pay_mode%3D1%26pay_show_month%3D12%252C3%252C1%26pay_knupdays%3D0%26pay_member_type%3D6%26pay_match%3D13542%26pay_diffyeardays%3D204%26vip_sessionid%3DA5A714363335739C6B662933F8C6CFBED97833B3AFFC8780C411C9EA9ADB00CA21A2FA99B0FC367FF1F0FE1A3B3E31951A3EA1CC50A4B49DF192EED15847A5B7%26vip_nickname%3D%25E6%2588%2591%25E8%25A6%2581%25E7%259A%2584%25E5%25B0%25B1%25E6%2598%25AF%25E5%25BF%25AB%26vip_usrname%3Djfenjj%26vip_growvalue%3D3120%26vip_expiredate%3D2016-11-29%26vip_level%3D3%26vip_isyear%3D1%26vip_paytype%3D5%26vip_isvip%3D1%26vip_daily%3D15%26vip_payname%3D%25E5%25B9%25B4%25E8%25B4%25B9%25E6%2594%25AF%25E4%25BB%2598%25E6%2596%25B9%25E5%25BC%258F%26vip_autopay%3D0%26vas_type%3D3%26jsq_isvip%3D0%26ischild%3D0%26history%3D1%26vip_expiredays%3D168%26vip_kn_isvip%3D0%26vip_kn_level%3D0
 Hm_lvt_be94a17b28798d3dc61eb511641cdd9a=1465627804,1465632444
 Hm_lpvt_be94a17b28798d3dc61eb511641cdd9a=1465904944
 rw_list_open=1
 queryTime=1
 __xltjbr=1465904961900
 task_nowclick=1390783259156224
 bg_opentime=1465904973.1246
 vip_isvip=1
 vip_level=3
 vip_paytype=5
 user_type=1
 vip_expiredate=2016-11-29
 dl_enable=1
 dl_size=3145728.59
 dl_num=147
 user_task_time=0.23542380332947
 lx_nf_all=page_check_all%3Dcommtask%26class_check%3D0%26page_check%3Dtask%26fl_page_id%3D0%26class_check_new%3D0%26set_tab_status%3D4
 _xltj=34a1465904981227b1c
 _s34=1466352506379b1465904967124b3bhttp%3A//dynamic.cloud.vip.xunlei.com/user_task%3Fuserid%3D685018%26st%3D4
 default_version=1.0
 dl_expire=365
 gdriveid=071EBDD00DCC9E70A9ED21D7C34FDAFD